448 714 61
518 49 77
588 338 26
747 93 67
603 511 23
78 316 45
777 61 27
76 657 86
574 156 40
326 408 18
18 561 63
534 299 68
266 80 49
149 568 77
254 541 26
443 180 97
713 380 79
23 421 63
253 289 54
59 653 29
88 519 68
360 256 97
36 770 12
232 591 31
391 648 30
753 480 100
62 127 97
22 68 26
756 477 91
444 698 91
85 99 20
10 669 65
703 121 98
194 490 47
324 691 97
548 586 52
334 142 49
319 757 42
759 204 23
520 734 13
627 284 59
288 276 52
413 423 22
169 8 85
481 757 37
219 87 93
11 39 15
191 711 88
780 474 87
5 1 95
113 780 76
653 685 22
200 397 86
434 446 11
596 638 52
431 154 48
435 792 1
254 789 16
616 220 77
244 709 94
461 365 77
687 200 59
407 685 56
706 225 94
351 680 46
739 503 71
61 233 44
148 13 68
669 628 24
483 184 2
292 282 92
66 365 5
473 369 70
473 166 43
638 787 41
746 219 48
728 703 95
418 248 13
559 133 11
154 636 24
81 624 39
620 166 8
416 63 36
518 548 96
477 159 8
216 129 78
487 568 33
200 153 93
582 164 34
546 734 36
660 783 52
526 159 35
459 237 70
56 416 70
610 536 39
367 507 26
13 357 26
725 711 19
310 190 48
617 357 67
426 381 41
737 693 2
242 763 7
552 728 37
747 194 90
340 208 21
690 254 27
575 386 40
686 431 62
14 99 21
19 510 16
792 183 13
761 79 65
156 433 24
40 273 53
261 186 16
386 556 29
526 51 80
741 376 98
332 254 15
508 51 12
684 180 39
44 760 8
35 789 6
524 548 29
637 333 14
618 731 10
383 792 11
504 570 46
679 256 16
464 63 93
786 75 92
603 796 39
196 388 8
660 473 71
793 61 57
16 135 66
106 625 38
48 543 27
178 80 91
675 245 87
50 192 60
738 350 46
399 313 2
27 8 95
408 104 55
422 43 94
23 578 34
500 168 85
708 377 20
132 736 17
422 717 74
124 461 8
18 766 27
375 756 43
201 607 18
88 10 46
310 724 100
699 319 3
135 493 68
597 114 31
392 416 74
234 502 98
272 377 97
333 300 20
750 584 26
84 308 87
405 244 81
604 745 76
634 695 99
64 526 27
167 439 2
758 148 37
542 104 52
728 309 35
411 373 18
734 568 72
82 164 93
741 3 89
159 460 38
618 165 22
352 642 92
502 275 48
552 568 91
592 172 52
70 168 69
181 348 65
512 558 7
8 23 39
459 656 84
627 141 81
416 219 83
37 346 89
87 774 70
66 504 12
189 344 53
682 567 37
739 622 51
332 665 47
786 703 47
706 20 53
647 130 67
652 332 19
722 728 30
152 704 28
593 624 6
3 171 40
546 377 77
593 679 19
410 184 95
460 563 23
173 161 35
12 767 81
292 101 83
210 756 35
116 184 52
131 368 41
424 408 28
148 249 80
673 398 55
247 547 39
420 50 76
131 623 49
161 598 72
529 622 89
11 491 41
572 255 29
652 212 54
644 85 93
86 199 95
381 750 15
407 581 92
378 135 29
687 4 76
160 11 27
153 42 41
518 226 72
605 387 25
722 301 9
423 495 32
213 75 93
599 197 82
629 478 38
719 357 16
661 729 63
740 300 70
750 759 31
462 120 84
362 652 44
40 635 39
279 136 63
641 174 54
335 21 5
225 498 38
405 139 13
66 187 29
83 104 15
89 83 95
651 498 45
345 446 93
102 777 43
401 223 2
332 783 18
246 601 16
716 250 57
513 25 93
319 389 2
675 706 2
26 314 45
88 428 13
195 80 80
139 563 50
270 739 25
295 445 23
504 476 73
20 407 8
777 147 80
439 227 100
108 769 9
789 567 79
449 796 65
75 48 65
626 13 74
574 129 24
517 251 44
144 386 31
599 383 2
157 618 45
359 73 55
426 448 23
166 615 45
315 258 33
529 101 65
70 80 18
283 547 13
290 222 53
253 373 85
99 532 22
528 60 42
33 383 3
458 446 59
591 737 8
295 680 7
217 189 96
429 259 37
386 692 57
327 736 27
561 418 39
600 472 12
168 338 49
227 516 41
520 98 60
567 470 58
663 616 14
58 171 56
43 197 17
501 134 87
264 280 10
777 697 11
632 254 8
512 633 28
505 252 9
404 35 89
629 396 72
413 680 83
206 226 50
402 73 25
518 558 26
445 722 87
717 683 81
640 782 24
30 350 14
231 305 87
83 462 28
464 617 77
160 492 31
666 604 82
715 383 60
58 67 79
497 103 23
135 132 50
73 240 13
81 206 52
402 176 16
743 661 88
475 625 69
370 239 33
564 5 36
299 612 71
520 417 7
209 410 35
433 341 79
633 21 80
305 6 13
279 437 71
569 518 43
232 389 9
332 42 41
283 290 75
400 110 37
772 339 26
520 397 2
144 198 79
190 753 58
794 291 39
394 210 33
174 187 4
207 624 24
345 432 51
99 11 15
529 149 47
661 718 77
674 5 47
411 196 12
78 135 71
210 158 60
137 128 53
645 685 94
362 148 88
717 220 72
779 526 54
449 635 77
679 284 89
71 221 95
535 718 77
415 623 97
570 531 16
259 511 70
359 16 15
23 242 94
290 688 2
600 242 84
510 197 40
307 284 15
192 731 71
655 683 87
233 529 38
131 153 72
453 342 58
219 88 40
750 617 20
583 622 64
719 153 96
201 490 80
207 744 6
361 599 40
31 245 76
285 67 10
121 708 30
218 40 10
159 671 99
554 9 57
529 600 20
549 168 12
324 382 15
519 348 86
141 420 67
489 63 47
325 749 6
95 62 16
427 763 21
95 353 18
348 592 17
530 205 79
529 190 88
327 611 78
129 600 53
79 617 22
721 284 16
136 253 97
784 640 94
474 429 20
669 639 89
512 442 3
100 438 45
135 166 21
307 331 27
144 82 31
177 648 77
336 727 56
578 0 24
378 502 96
533 571 54
709 693 79
124 200 2
611 765 46
183 139 52
452 156 85
166 41 23
746 234 36
112 549 23
686 189 65
637 22 26
387 619 97
360 329 78
448 82 63
192 365 73
599 709 32
460 544 10
427 489 62
720 260 25
78 185 88
730 283 38
360 272 100
415 233 41
628 6 3
359 39 10
719 143 42
687 774 45
156 232 16
660 252 80
131 372 75
25 53 78
502 106 39
274 689 54
461 507 89
487 270 19
678 742 81
317 731 43
660 306 12
427 161 10
715 570 11
305 349 68
758 304 84
115 508 20
612 18 30
771 680 57
676 717 46
211 99 42
134 747 45
55 363 59
18 313 96
424 366 42
441 735 8
742 576 19
575 57 54
455 62 53
106 648 44
670 173 72
440 685 61
644 372 20
170 210 58
540 691 70
655 449 2
332 794 54
258 376 98
665 106 56
148 510 46
482 226 31
384 512 97
607 117 81
771 617 11
100 462 62
500 447 2
39 195 66
112 399 63
784 21 58
53 238 27
689 777 57
784 589 36
437 339 88
787 463 80
273 696 21
418 618 41
142 299 65
324 552 61
570 303 14
416 21 87
798 633 17
349 116 48
538 555 99
17 447 81
363 463 48
239 564 20
370 568 19
435 652 100
205 3 85
171 88 35
666 64 24
795 79 4
366 562 3
100 171 24
511 178 17
187 15 25
555 216 32
431 132 51
248 446 66
382 569 98
704 17 5
340 790 87
413 577 13
356 524 26
650 253 48
442 582 55
367 395 66
495 88 85
765 18 64
469 744 42
424 435 9
500 753 69
652 387 24
429 20 65
751 727 17
655 592 32
793 230 71
191 434 35
580 602 80
397 765 49
152 406 2
589 22 94
699 684 26
338 714 47
655 149 25
389 549 31
350 681 36
509 18 84
331 524 82
479 467 69
112 69 45
583 478 85
197 728 61
392 355 35
141 362 8
589 781 94
389 236 36
707 476 98
257 255 76
175 654 67
751 351 20
397 478 14
179 739 31
223 392 96
497 41 44
420 752 86
350 390 7
662 785 83
719 71 61
740 731 23
448 83 68
599 772 82
641 388 69
643 726 100
659 724 56
722 345 25
331 566 8
415 195 4
430 398 88
201 92 48
19 286 92
658 207 53
432 536 77
744 462 82
188 334 21
177 732 43
156 777 34
410 334 33
33 607 37
427 45 53
220 741 19
494 756 64
178 417 21
452 337 52
473 302 89
120 90 32
140 100 76
257 329 4
503 618 39
341 154 38
77 444 35
501 192 75
23 741 51
673 694 54
178 616 10
748 33 70
46 119 91
98 10 65
570 761 75
544 312 3
512 251 9
742 79 36
255 446 76
452 358 61
309 102 40
12 371 7
775 197 63
304 642 74
779 240 6
497 67 88
742 509 21
593 435 86
649 409 86
504 488 98
665 167 73
230 169 40
329 466 28
187 784 17
60 45 7
763 546 15
710 536 57
424 779 27
348 28 54
437 744 89
344 173 47
44 343 29
381 546 80
411 730 40
616 265 18
349 5 14
93 524 47
701 738 67
471 274 33
419 531 26
731 187 18
667 226 51
99 417 78
690 563 28
159 650 66
366 49 33
636 114 38
297 610 89
470 579 69
82 737 39
369 52 9
304 291 16
767 616 82
530 292 76
111 650 35
558 117 92
184 429 86
271 587 14
443 127 94
362 679 74
212 532 85
719 295 22
652 108 49
355 365 44
610 691 57
217 417 27
134 99 56
19 684 87
225 593 35
100 202 65
215 96 15
69 431 78
9 527 5
397 53 4
322 685 99
26 57 19
199 395 83
517 49 80
749 354 41
205 464 3
595 710 82
195 181 61
44 237 31
582 585 51
764 724 58
388 458 43
306 258 96
130 389 99
762 570 32
728 189 10
593 512 25
281 170 48
227 691 40
287 664 8
488 380 46
189 232 2
670 367 71
208 789 34
102 708 14
680 669 33
415 443 78
379 339 60
555 473 94
349 615 46
653 210 55
241 286 45
18 585 51
272 757 59
467 795 92
691 381 65
691 390 16
253 769 98
209 384 17
320 339 33
752 17 39
744 585 47
335 355 94
641 607 40
353 306 42
409 231 91
697 43 77
690 20 27
421 309 30
256 654 97
335 721 52
324 771 7
647 149 46
379 790 76
44 437 15
777 784 12
141 698 2
143 57 41
15 3 89
272 568 2
534 296 2
693 687 68
61 521 31
403 317 71
526 613 48
710 217 13
71 156 30
324 132 91
531 347 68
314 574 7
247 553 17
728 578 10
499 517 63
81 466 74
426 168 57
83 542 86
135 714 100
458 390 7
424 220 87
243 188 17
683 239 50
168 487 16
774 705 89
158 53 12
287 739 74
493 481 58
94 276 37
720 4 21
238 414 61
216 230 11
335 130 6
246 448 21
520 386 65
712 258 70
472 603 72
704 312 68
762 519 37
533 599 48
323 206 23
620 280 13
645 321 16
203 178 60
76 259 13
172 641 61
183 635 94
180 187 97
525 765 83
472 166 53
361 649 43
759 5 70
46 157 79
226 486 27
738 798 15
583 239 83
59 631 49
127 253 17
214 777 66
107 798 24
695 785 42
447 603 19
58 456 72
20 551 35
57 573 66
320 349 56
264 465 38
55 357 6
549 285 64
240 192 28
506 325 86
127 184 95
391 95 43
636 607 99
139 333 55
708 82 68
767 40 13
607 371 7
341 358 55
46 78 75
737 669 79
205 446 69
325 757 9
620 109 14
453 50 69
505 448 43
641 347 84
692 210 79
210 168 7
154 199 78
193 718 23
647 529 97
696 276 9
482 52 17
470 68 26
232 644 31
144 392 8
453 253 14
356 139 5
675 392 84
610 708 36
73 640 3
730 694 97
296 424 25
478 73 70
276 322 68
349 134 53
349 31 26
625 144 29
750 693 38
506 101 43
177 448 81
147 85 84
794 375 59
143 587 8
740 580 4
190 585 74
712 420 56
584 634 67
184 556 93
34 727 42
424 752 75
174 668 20
245 678 90
418 632 62
255 208 29
414 566 55
69 715 75
728 368 18
793 727 80
749 39 46
653 135 1
722 387 58
785 185 77
27 250 57
389 118 1
23 202 48
728 596 88
614 174 54
201 57 51
634 221 83
422 353 20
670 384 83
613 503 19
755 593 80
188 225 15
659 210 74
383 128 43
740 338 25
505 494 25
678 198 26
640 356 74
263 541 56
381 295 25
666 256 2
348 420 94
542 312 40
433 39 9
452 637 44
302 440 60
48 1 67
131 133 69
386 753 27
353 78 56
672 613 72
532 713 40
578 207 38
588 244 25
381 135 20
123 524 70
747 523 62
50 290 14
640 629 14
257 233 89
527 519 49
592 529 85
431 39 9
639 463 87
136 489 100
521 538 13
146 134 23
392 583 57
592 615 84
635 116 69
112 559 57
60 244 3
419 376 9
275 289 11
372 344 15
651 704 5
386 418 98
324 628 53
730 312 42
727 498 55
716 115 60
199 586 60
690 195 31
277 772 75
742 530 41
512 635 39
405 110 45
778 226 12
425 399 89
513 510 57
750 745 47
157 23 67
222 437 63
405 490 68
476 203 47
278 215 50
553 49 33
693 671 45
113 773 80
190 46 34
86 504 70
156 677 98
439 360 75
333 746 62
732 156 74
635 547 88
188 640 51
528 529 68
749 706 23
115 716 51
151 688 98
730 411 4
213 65 99
637 794 14
360 689 63
214 135 38
180 619 88
194 483 12
70 777 30
793 52 65
196 282 39
646 329 51
